instance; q_max; r; f_sol_optimal; f_mh_min; f_mh_mean; temp_min; temp_mean; gap_min; gap_mean
A-n48-k7, 0.15, 0.3, 1073, 1081, 1081.0, 71.54372930526733, 71.54372930526733, 0.007455731593662628, 0.007455731593662628

Best Solution:
route 1 ==> [18, 35, 44]
route 2 ==> [23, 43, 31, 1, 5, 12]
route 3 ==> [14, 17, 47, 10, 2, 41]
route 4 ==> [34, 9, 24, 4, 11, 42, 15, 27, 45]
route 5 ==> [16, 33, 46, 13, 30, 21, 29, 28]
route 6 ==> [40, 7, 8, 39, 26, 20, 3, 25, 38]
route 7 ==> [32, 36, 37, 19, 22, 6]
