instance; q_max; r; f_sol_optimal; f_mh_min; f_mh_mean; temp_min; temp_mean; gap_min; gap_mean
A-n54-k7, 0.15, 0.3, 1167, 1182, 1182.0, 75.41622757911682, 75.41622757911682, 0.012853470437017995, 0.012853470437017995

Best Solution:
route 1 ==> [52, 34, 41, 46, 42, 24, 51, 47, 25, 30]
route 2 ==> [43, 20, 7, 39, 50, 28, 4]
route 3 ==> [32, 37, 48, 40, 31, 8, 19, 11]
route 4 ==> [14, 2, 12, 27, 6, 16]
route 5 ==> [23, 29, 45, 21, 33, 9, 38, 15, 35]
route 6 ==> [10, 17, 26, 1, 36, 49, 5, 18]
route 7 ==> [44, 53, 3, 22, 13]
