instance; q_max; r; f_sol_optimal; f_mh_min; f_mh_mean; temp_min; temp_mean; gap_min; gap_mean
A-n63-k9, 0.15, 0.3, 1616, 1655, 1655.0, 74.30576729774475, 74.30576729774475, 0.024133663366336634, 0.024133663366336634

Best Solution:
route 1 ==> [7, 3, 41, 38, 43]
route 2 ==> [12, 53, 55, 32, 58, 14, 40, 21]
route 3 ==> [19, 20, 34, 2, 30, 29, 54]
route 4 ==> [56, 15, 44, 33, 11]
route 5 ==> [16, 61, 42, 9, 31, 46, 1, 18, 4, 47, 52]
route 6 ==> [50, 51, 57, 62, 23, 39, 10]
route 7 ==> [5, 45, 27, 59, 24, 49, 25]
route 8 ==> [26, 13, 8, 36, 48, 60]
route 9 ==> [6, 37, 35, 17, 22, 28]
