instance; q_max; r; f_sol_optimal; f_mh_min; f_mh_mean; temp_min; temp_mean; gap_min; gap_mean
A-n64-k9, 0.15, 0.3, 1401, 1450, 1450.0, 201.2297043800354, 201.2297043800354, 0.03497501784439686, 0.03497501784439686

Best Solution:
route 1 ==> [6, 29, 25]
route 2 ==> [48, 62, 19]
route 3 ==> [42, 20, 51, 32, 61, 52, 56]
route 4 ==> [3, 27, 14, 35, 26, 21, 7, 36, 40, 39, 44, 30]
route 5 ==> [38, 28, 1, 57, 11, 15]
route 6 ==> [18, 22, 12, 43, 17, 33]
route 7 ==> [10, 41, 13, 24, 8, 46, 54, 4, 9]
route 8 ==> [60, 16, 47, 63, 2, 58, 5, 23]
route 9 ==> [34, 37, 59, 31, 50, 49, 55, 53, 45]
