instance; q_max; r; f_sol_optimal; f_mh_min; f_mh_mean; temp_min; temp_mean; gap_min; gap_mean
A-n60-k9, 0.15, 0.3, 1354, 1366, 1366.0, 177.90571808815002, 177.90571808815002, 0.008862629246676515, 0.008862629246676515

Best Solution:
route 1 ==> [18, 19, 27, 17, 37, 57, 29, 7]
route 2 ==> [35, 55, 50, 39, 26, 8, 13]
route 3 ==> [32, 9, 51, 12, 56, 43, 15]
route 4 ==> [58, 48, 54, 22, 1]
route 5 ==> [31, 53, 30, 49, 44, 28, 6]
route 6 ==> [16, 20, 3, 21, 4, 11, 40, 46, 25]
route 7 ==> [34, 24, 23, 47, 14]
route 8 ==> [41, 33, 38, 59, 52]
route 9 ==> [42, 45, 5, 10, 36, 2]
