instance; q_max; r; f_sol_optimal; f_mh_min; f_mh_mean; temp_min; temp_mean; gap_min; gap_mean
A-n61-k9, 0.15, 0.3, 1034, 1040, 1040.0, 237.7589385509491, 237.7589385509491, 0.005802707930367505, 0.005802707930367505

Best Solution:
route 1 ==> [9, 34, 35, 47, 56, 27, 21, 36, 29, 25]
route 2 ==> [13, 17, 57, 52, 31, 60, 28, 39]
route 3 ==> [24, 49, 59, 45, 37, 30]
route 4 ==> [3, 38, 15]
route 5 ==> [12, 22, 4, 26, 43, 32, 42, 33]
route 6 ==> [44, 11, 1, 16, 48, 18, 51]
route 7 ==> [19, 53, 41, 6, 20, 58]
route 8 ==> [10, 2, 46, 54, 5, 8, 40]
route 9 ==> [14, 7, 23, 55, 50]
