instance; q_max; r; f_sol_optimal; f_mh_min; f_mh_mean; temp_min; temp_mean; gap_min; gap_mean
A-n63-k10, 0.15, 0.3, 1314, 1348, 1348.0, 114.91942381858826, 114.91942381858826, 0.0258751902587519, 0.0258751902587519

Best Solution:
route 1 ==> [40, 16, 12, 9, 2, 41, 49]
route 2 ==> [24, 55, 33, 60, 54, 21]
route 3 ==> [50, 44, 47, 11, 34, 32, 57, 28, 20]
route 4 ==> [48, 30, 43, 52]
route 5 ==> [37, 8, 27, 6, 35]
route 6 ==> [36, 38, 4, 26, 13]
route 7 ==> [56, 29, 15, 18, 5, 10, 59]
route 8 ==> [62, 31, 51, 58, 22, 17]
route 9 ==> [25, 53, 14, 1, 39, 45, 3, 42, 19]
route 10 ==> [61, 46, 23, 7]
