instance; q_max; r; f_sol_optimal; f_mh_min; f_mh_mean; temp_min; temp_mean; gap_min; gap_mean
A-n65-k9, 0.15, 0.3, 1174, 1184, 1184.0, 25.377783060073853, 25.377783060073853, 0.008517887563884156, 0.008517887563884156

Best Solution:
route 1 ==> [41, 2, 38, 42, 61, 58, 20, 32]
route 2 ==> [18, 19, 24, 52, 8, 10, 40, 59]
route 3 ==> [17, 47, 9, 22, 15, 49]
route 4 ==> [51, 39, 46, 64, 6, 26, 31, 34]
route 5 ==> [37, 30, 60, 50, 16, 45, 5]
route 6 ==> [28, 23, 57, 48, 54, 11, 63, 7]
route 7 ==> [62, 33, 1, 12, 13, 29, 55]
route 8 ==> [4, 35, 36, 3, 14, 27, 43]
route 9 ==> [21, 25, 56, 44, 53]
