instance; q_max; r; f_sol_optimal; f_mh_min; f_mh_mean; temp_min; temp_mean; gap_min; gap_mean
A-n69-k9, 0.15, 0.3, 1159, 1173, 1173.0, 27.89033532142639, 27.89033532142639, 0.012079378774805867, 0.012079378774805867

Best Solution:
route 1 ==> [27, 65, 55, 60, 4, 47, 14, 34]
route 2 ==> [28, 57, 42, 25, 11, 63, 46, 5]
route 3 ==> [43, 62, 36, 1, 48, 16, 54]
route 4 ==> [24, 22, 23, 19]
route 5 ==> [7, 67, 21, 61, 64, 18, 31]
route 6 ==> [58, 66, 13, 35, 45, 20, 41, 68, 12]
route 7 ==> [52, 50, 32, 17, 10, 37, 26]
route 8 ==> [53, 2, 33, 49, 9, 30, 6, 51, 3, 15, 44]
route 9 ==> [29, 40, 38, 59, 8, 39, 56]
