instance; q_max; r; f_sol_optimal; f_mh_min; f_mh_mean; temp_min; temp_mean; gap_min; gap_mean
A-n62-k8, 0.15, 0.3, 1288, 1307, 1307.0, 79.95875239372253, 79.95875239372253, 0.014751552795031056, 0.014751552795031056

Best Solution:
route 1 ==> [28, 13, 18, 9, 54, 42, 3, 24, 46]
route 2 ==> [38, 19, 30, 1, 5, 60, 56]
route 3 ==> [15, 48, 12, 53]
route 4 ==> [51, 10, 8, 43, 29, 61, 20, 7]
route 5 ==> [31, 49, 35, 26, 55, 59, 40]
route 6 ==> [34, 33, 58, 17, 50, 57, 32, 6]
route 7 ==> [45, 47, 39, 27, 23, 41, 21, 4, 11, 25, 14]
route 8 ==> [52, 2, 44, 22, 37, 16, 36]
