instance; q_max; r; f_sol_optimal; f_mh_min; f_mh_mean; temp_min; temp_mean; gap_min; gap_mean
A-n80-k10, 0.15, 0.3, 1763, 1833, 1833.0, 216.60589790344238, 216.60589790344238, 0.03970504821327283, 0.03970504821327283

Best Solution:
route 1 ==> [13, 60, 31, 20, 19, 26, 35, 65, 69, 56, 47, 46, 64, 51]
route 2 ==> [10, 63, 23, 5, 44, 12, 74]
route 3 ==> [38, 32, 4, 22, 72, 76, 70, 66, 67]
route 4 ==> [3, 39, 17, 27, 59, 29]
route 5 ==> [30, 78, 8, 68, 43, 16, 61, 57, 75, 25]
route 6 ==> [1, 7, 21, 40]
route 7 ==> [71, 14, 48, 18, 79, 28, 52]
route 8 ==> [58, 50, 45, 54, 9, 55, 33, 15, 41, 77]
route 9 ==> [62, 24, 6, 37, 2, 34, 11]
route 10 ==> [49, 73, 36, 53, 42]
