instance; q_max; r; f_sol_optimal; f_mh_min; f_mh_mean; temp_min; temp_mean; gap_min; gap_mean
B-n57-k9, 0.15, 0.3, 1598, 1608, 1608.0, 195.65595889091492, 195.65595889091492, 0.006257822277847309, 0.006257822277847309

Best Solution:
route 1 ==> [6, 56]
route 2 ==> [5, 47, 36, 21, 41, 29, 53]
route 3 ==> [4, 30, 49, 35, 48, 38, 12]
route 4 ==> [1, 45, 24, 52, 54]
route 5 ==> [32, 40, 3, 50, 46, 22]
route 6 ==> [42, 11, 13, 19, 34, 14, 33]
route 7 ==> [10, 17, 31, 55, 9, 28, 18, 27, 43]
route 8 ==> [8, 15, 51, 25, 23, 2, 20]
route 9 ==> [7, 37, 16, 26, 39, 44]
