instance; q_max; r; f_sol_optimal; f_mh_min; f_mh_mean; temp_min; temp_mean; gap_min; gap_mean
B-n56-k7, 0.15, 0.3, 707, 713, 713.0, 275.27035880088806, 275.27035880088806, 0.008486562942008486, 0.008486562942008486

Best Solution:
route 1 ==> [3, 11, 55, 20, 31, 30, 54, 34, 2, 19, 25]
route 2 ==> [27, 35, 16, 52, 1]
route 3 ==> [13, 33, 49, 32, 36, 48]
route 4 ==> [40, 5, 12, 9, 38, 22, 50, 23, 43]
route 5 ==> [45, 42, 47, 39, 4, 26, 21]
route 6 ==> [18, 10, 8, 17, 44, 51, 14, 28, 46]
route 7 ==> [53, 6, 24, 15, 7, 37, 29, 41]
