instance; q_max; r; f_sol_optimal; f_mh_min; f_mh_mean; temp_min; temp_mean; gap_min; gap_mean
B-n57-k7, 0.15, 0.3, 1153, 1197, 1197.0, 91.90831565856934, 91.90831565856934, 0.03816131830008673, 0.03816131830008673

Best Solution:
route 1 ==> [56, 18, 53, 12, 36, 38, 34, 26, 24, 27]
route 2 ==> [1, 55, 2, 50, 52, 42, 7, 43, 20, 47, 32]
route 3 ==> [15, 11, 31, 6, 45, 48]
route 4 ==> [30, 22, 14, 39, 37]
route 5 ==> [16, 49, 44, 21, 10, 3, 17, 19]
route 6 ==> [33, 13, 41, 51, 9, 8, 28, 25]
route 7 ==> [5, 23, 46, 4, 29, 40, 35, 54]
