instance; q_max; r; f_sol_optimal; f_mh_min; f_mh_mean; temp_min; temp_mean; gap_min; gap_mean
B-n64-k9, 0.15, 0.3, 861, 870, 870.0, 248.95970225334167, 248.95970225334167, 0.010452961672473868, 0.010452961672473868

Best Solution:
route 1 ==> [2, 6, 53, 58, 45, 44, 3, 32]
route 2 ==> [57, 20, 63, 42, 39, 25, 23]
route 3 ==> [52, 43, 49, 62]
route 4 ==> [1, 26, 41, 46, 54, 31, 17, 30]
route 5 ==> [7, 8, 21, 27, 38, 40, 34]
route 6 ==> [37, 22, 55, 51, 35, 60, 36]
route 7 ==> [9, 19, 15, 24, 5, 4, 14, 59, 48, 18]
route 8 ==> [33, 29, 11, 28, 56, 13, 16]
route 9 ==> [47, 61, 50, 10, 12]
