instance; q_max; r; f_sol_optimal; f_mh_min; f_mh_mean; temp_min; temp_mean; gap_min; gap_mean
B-n63-k10, 0.15, 0.3, 1496, 1555, 1555.0, 186.03158831596375, 186.03158831596375, 0.03943850267379679, 0.03943850267379679

Best Solution:
route 1 ==> [31, 4, 56, 46, 59, 8, 30]
route 2 ==> [49, 3, 40, 16, 44, 60]
route 3 ==> [18, 1, 20, 7, 23, 53, 21, 62]
route 4 ==> [45, 36, 27, 50]
route 5 ==> [29, 28]
route 6 ==> [15, 34, 51, 2, 42]
route 7 ==> [47, 9, 25, 35, 19, 39, 22]
route 8 ==> [10, 41, 58, 54, 12, 6, 26, 33, 52]
route 9 ==> [48, 32, 13, 55, 5]
route 10 ==> [37, 38, 57, 11, 17, 24, 43, 14, 61]
