instance; q_max; r; f_sol_optimal; f_mh_min; f_mh_mean; temp_min; temp_mean; gap_min; gap_mean
B-n67-k10, 0.15, 0.3, 1032, 1062, 1062.0, 199.66668343544006, 199.66668343544006, 0.029069767441860465, 0.029069767441860465

Best Solution:
route 1 ==> [58, 13, 28, 5]
route 2 ==> [53, 42, 34, 6, 64, 40, 44]
route 3 ==> [56, 15, 55, 54, 22, 52, 45, 12]
route 4 ==> [38, 32, 8, 23, 37, 65, 66]
route 5 ==> [33, 18, 51, 59, 24, 29, 41, 16]
route 6 ==> [14, 50, 11, 20, 7, 17]
route 7 ==> [9, 48, 21, 25, 63]
route 8 ==> [31, 47, 26, 2, 27, 10, 43]
route 9 ==> [46, 4, 19, 35, 49, 1, 36, 39]
route 10 ==> [60, 3, 57, 30, 61, 62]
