instance; q_max; r; f_sol_optimal; f_mh_min; f_mh_mean; temp_min; temp_mean; gap_min; gap_mean
B-n68-k9, 0.15, 0.3, 1272, 1309, 1309.0, 71.67080521583557, 71.67080521583557, 0.02908805031446541, 0.02908805031446541

Best Solution:
route 1 ==> [27, 47, 35, 4, 31]
route 2 ==> [65, 43, 13, 46, 7, 60]
route 3 ==> [42, 36, 58, 10, 24, 18, 28, 6, 32, 67]
route 4 ==> [33, 52, 26, 44, 34, 12, 45, 30, 21]
route 5 ==> [29, 3, 11, 39, 55, 40, 53, 38, 63]
route 6 ==> [9, 48, 59, 16, 54, 5, 14, 62, 66, 64]
route 7 ==> [56, 1, 8, 41, 37, 2, 22, 51, 61]
route 8 ==> [25, 23, 50, 19]
route 9 ==> [15, 20, 57, 49, 17]
