instance; q_max; r; f_sol_optimal; f_mh_min; f_mh_mean; temp_min; temp_mean; gap_min; gap_mean
B-n66-k9, 0.15, 0.3, 1316, 1342, 1342.0, 82.96982502937317, 82.96982502937317, 0.019756838905775075, 0.019756838905775075

Best Solution:
route 1 ==> [1, 51, 34, 22, 56, 19, 38, 57]
route 2 ==> [24, 12, 49, 27, 42]
route 3 ==> [28, 16, 62, 63, 46, 26, 48, 30]
route 4 ==> [50, 47, 61, 25, 59, 35, 7]
route 5 ==> [55, 11, 31, 45, 13, 43, 18, 41]
route 6 ==> [37, 64, 44, 10, 2, 6]
route 7 ==> [9, 36, 21, 14, 39, 29, 3, 15, 60, 4, 33]
route 8 ==> [32, 58, 40, 8, 65, 5]
route 9 ==> [20, 17, 23, 54, 53, 52]
