instance; q_max; r; f_sol_optimal; f_mh_min; f_mh_mean; temp_min; temp_mean; gap_min; gap_mean
B-n78-k10, 0.15, 0.3, 1221, 1284, 1284.0, 234.8560926914215, 234.8560926914215, 0.051597051597051594, 0.051597051597051594

Best Solution:
route 1 ==> [65, 37, 70, 30, 5, 27]
route 2 ==> [8, 71, 12, 34, 46, 45, 51]
route 3 ==> [17, 58, 38, 47, 49, 63, 2]
route 4 ==> [29, 73, 31, 3, 20, 54, 62]
route 5 ==> [56, 22, 15, 76, 32, 7, 57, 75]
route 6 ==> [77, 44, 40, 10, 25, 18, 16, 42]
route 7 ==> [66, 60, 36, 14, 41, 68, 53, 64, 11, 26, 23]
route 8 ==> [1, 52, 24, 21, 43, 67, 69, 72]
route 9 ==> [6, 19, 4, 59, 35, 55, 33, 13, 61]
route 10 ==> [50, 39, 48, 74, 28, 9]
