instance; q_max; r; f_sol_optimal; f_mh_min; f_mh_mean; temp_min; temp_mean; gap_min; gap_mean
F-n135-k7, 0.15, 0.3, 1162, 1175, 1175.0, 102.13007664680481, 102.13007664680481, 0.011187607573149742, 0.011187607573149742

Best Solution:
route 1 ==> [46, 118, 17, 18, 113, 129, 128, 126, 124, 123, 122, 110, 111, 125, 112, 81, 71, 66]
route 2 ==> [120, 109, 108, 107, 106, 114, 115]
route 3 ==> [75, 1, 62, 51, 54, 55, 53, 102, 103, 56, 104, 101, 99, 35, 36, 100, 98, 37, 95, 39, 38, 96, 97, 105, 57, 58, 59, 60, 23]
route 4 ==> [20, 82, 83, 85, 84, 86, 87, 89, 90, 92, 16, 13, 15, 88, 14, 12, 11, 10, 9, 8, 7, 6, 5, 4, 2, 42, 41, 3, 40, 44, 43, 45, 93, 94, 29, 28, 27, 26, 25, 21, 91]
route 5 ==> [72, 47, 134, 76, 77, 64, 63, 79, 67, 70, 69, 68, 80, 33, 133, 78]
route 6 ==> [132, 127, 121, 116, 131, 117, 119, 130, 65, 19]
route 7 ==> [73, 74, 32, 34, 48, 49, 50, 52, 61, 31, 30, 22, 24]
